# The configure of Atm Generator is following:
# GENIE data is used from  /afs/ihep.ac.cn/users/h/huyuxiang/junofs/juno_centos7/data/Generator/AtmNC/data//genie_ncdata_02.root.
# TALYS data is used from  /afs/ihep.ac.cn/users/h/huyuxiang/junofs/juno_centos7/data/Generator/AtmNC/data/talys_sample/.
# Random seed is 10.
# Event number == 1000.
# invoke Deexcitation.
# Interaction type we choose(1:QEL,2:RES,3:COH/DFR,4:DIS,5:MEC,-1:OTHERS):
# 1, 5, 
# NC and CC we choose.
# transfer energy is in [0.500000 GeV, 1.700000 GeV].
7
1	14 0 0 0.965037 0.162153 0.069131 0.000000
1	2212 0 0 -0.058628 0.103160 0.029814 0.938270
1	2212 0 0 -0.025237 -0.000291 0.100000 0.938270
1	2112 0 0 0.058055 0.009370 0.050743 0.939570
1	2112 0 0 -0.033769 0.019035 -0.075986 0.939570
1	2112 0 0 -0.111042 0.027910 -0.007796 0.939570
1	2112 0 0 0.042937 -0.002210 0.021948 0.939570
5
1	2212 0 0 0.015093 0.094512 -0.016176 0.938270
1	1000020040 0 0 0.014272 0.042171 0.134951 3.727400
1	1000030060 0 0 0.131196 -0.045686 0.074112 5.601500
1	14 0 0 -0.399742 0.075199 0.044660 0.000000
1	2112 0 0 0.555159 0.632775 0.055942 0.939570
2
1	14 0 0 0.493549 -0.147713 -0.203389 0.000000
1	2212 0 0 -0.379375 -0.568476 -0.081749 0.938270
4
1	12 0 0 0.023349 0.110278 -0.584555 0.000000
1	2212 0 0 -0.164242 0.352275 -0.013542 0.938270
1	2112 0 0 -0.000000 0.000000 0.000000 0.939570
1	1000050100 0 0 -0.006639 -0.076491 -0.037938 9.324400
5
1	2112 0 0 -0.010048 -0.070399 0.032555 0.939570
1	2212 0 0 -0.041057 -0.010784 -0.064557 0.938270
1	1000040090 0 0 -0.014785 -0.116573 -0.077783 8.392500
1	12 0 0 -0.159015 -0.097342 -0.171827 0.000000
1	2212 0 0 0.646672 0.068461 0.655517 0.938270
6
1	1000010020 0 0 -0.082854 0.084600 -0.079512 1.875600
1	1000040070 0 0 0.039199 -0.078025 0.184842 6.534400
1	14 0 0 0.233134 -0.117260 0.693711 0.000000
1	2212 0 0 -0.197874 0.105680 -0.235445 0.938270
1	2112 0 0 0.189230 0.108330 -0.005230 0.939570
1	2112 0 0 -0.029780 0.337421 0.168758 0.939570
11
1	12 0 0 0.395572 0.140845 -0.099161 0.000000
1	2212 0 0 -0.049672 -0.067722 0.043433 0.938270
1	2212 0 0 -0.045223 0.066374 0.022238 0.938270
1	2212 0 0 -0.063192 -0.068096 -0.004272 0.938270
1	2212 0 0 0.010285 -0.040063 -0.093524 0.938270
1	2112 0 0 -0.061650 -0.019562 -0.003660 0.939570
1	2112 0 0 -0.107583 -0.020477 0.018281 0.939570
1	2112 0 0 0.074951 -0.000881 0.032801 0.939570
1	2112 0 0 -0.051214 0.079183 -0.052085 0.939570
1	2112 0 0 0.034174 0.108700 0.061283 0.939570
1	2112 0 0 -0.012841 0.150716 0.049622 0.939570
5
1	-14 0 0 1.387532 -0.142347 0.062767 0.000000
1	2212 0 0 0.111837 0.015422 -0.167940 0.938270
1	2212 0 0 -0.016066 0.043150 0.010658 0.938270
1	2212 0 0 -0.135518 0.046850 -0.086262 0.938270
1	1000030090 0 0 0.105158 0.011273 0.133575 8.406100
2
1	14 0 0 0.062259 0.115899 0.247100 0.000000
1	2212 0 0 -0.460007 0.030831 -0.565826 0.938270
5
1	-12 0 0 0.667485 0.348052 -0.444097 0.000000
1	2212 0 0 0.048979 0.101628 0.145303 0.938270
1	2212 0 0 0.185174 0.025987 -0.076854 0.938270
1	2112 0 0 -0.017446 0.019305 0.022478 0.939570
1	1000040090 0 0 -0.163930 0.027262 0.067733 8.392500
3
1	14 0 0 -0.276949 0.176042 -0.189458 0.000000
1	2212 0 0 -0.088446 -0.326752 0.596287 0.938270
1	1000050110 0 0 -0.014807 -0.038710 0.028298 10.252200
3
1	14 0 0 0.701866 0.224869 -0.207324 0.000000
1	2212 0 0 0.192180 -0.492842 0.130275 0.938270
1	1000050110 0 0 -0.022749 -0.035124 0.073936 10.252200
5
1	2212 0 0 -0.028701 0.011366 0.066159 0.938270
1	22 0 0 0.001502 0.001445 -0.000544 0.000000
1	1000050100 0 0 0.036251 -0.041453 -0.174548 9.324400
1	14 0 0 0.288352 0.330071 -0.077744 0.000000
1	2112 0 0 -0.183890 0.255170 0.928910 0.939570
6
1	2112 0 0 -0.069336 0.093378 -0.103275 0.939570
1	22 0 0 0.000041 -0.001387 0.000571 0.000000
1	1000050090 0 0 -0.058525 0.124535 -0.052981 8.393500
1	14 0 0 -0.515675 -0.091478 0.442673 0.000000
1	2112 0 0 0.000000 -0.000000 0.000000 0.939570
1	2212 0 0 0.000000 -0.000000 0.000000 0.938270
4
1	12 0 0 0.523202 -0.289355 0.275325 0.000000
1	2112 0 0 0.086447 0.067777 0.088545 0.939570
1	2112 0 0 0.218793 0.154263 -0.106911 0.939570
1	1000060100 0 0 -0.209052 0.032580 -0.092895 9.328000
5
1	1000010030 0 0 -0.058844 0.016574 0.018351 2.808900
1	14 0 0 -0.149986 0.147785 -0.114288 0.000000
1	2212 0 0 0.435893 -0.393020 -0.145496 0.938270
1	2112 0 0 0.253535 -0.260808 -0.036116 0.939570
1	2112 0 0 -0.192821 0.011193 0.281638 0.939570
4
1	1000020040 0 0 0.131466 0.243607 0.158652 3.727400
1	1000040070 0 0 0.003228 0.057948 0.020202 6.534400
1	14 0 0 -0.164324 -0.286159 0.079755 0.000000
1	2112 0 0 -0.138606 0.638250 0.128771 0.939570
5
1	2212 0 0 -0.064085 0.066114 -0.006379 0.938270
1	1000020040 0 0 0.135708 0.002052 -0.024893 3.727400
1	1000030060 0 0 0.021421 -0.028045 0.065297 5.601500
1	14 0 0 -0.145006 -0.351304 -0.175097 0.000000
1	2112 0 0 0.250177 -0.036308 0.484944 0.939570
3
1	12 0 0 0.777010 -0.718444 -0.790128 0.000000
1	2212 0 0 -0.448044 -0.197439 0.068573 0.938270
1	1000050110 0 0 0.195043 -0.267753 -0.020472 10.252200
3
1	14 0 0 0.171724 0.298190 0.403984 0.000000
1	2112 0 0 0.098617 -0.227441 0.057097 0.939570
1	1000060110 0 0 0.035894 -0.050151 0.022928 10.254200
7
1	1000020040 0 0 -0.102115 0.147556 0.217042 3.727400
1	14 0 0 1.258175 -0.265081 -0.571992 0.000000
1	2212 0 0 0.043929 0.218508 -0.109703 0.938270
1	2212 0 0 -0.001985 -0.153824 -0.100756 0.938270
1	2212 0 0 -0.126517 0.054115 0.080530 0.938270
1	2112 0 0 0.149998 0.056830 -0.346938 0.939570
1	2112 0 0 -0.102014 -0.078572 -0.063611 0.939570
4
1	1000010030 0 0 -0.100347 0.136381 -0.195673 2.808900
1	1000040080 0 0 -0.141492 -0.022960 0.121304 7.454800
1	12 0 0 -0.507814 0.848961 -0.911062 0.000000
1	2212 0 0 -0.117773 -0.242432 -0.273541 0.938270
4
1	-12 0 0 0.503797 -0.958079 -0.873318 0.000000
1	2212 0 0 0.000881 -0.453683 0.142236 0.938270
1	2212 0 0 -0.119884 -0.109630 0.164046 0.938270
1	1000040100 0 0 -0.241976 0.151040 -0.155977 9.324900
3
1	12 0 0 0.105425 0.335041 -0.339610 0.000000
1	2112 0 0 0.155027 0.158943 0.114440 0.939570
1	1000060110 0 0 -0.099958 -0.081910 -0.054364 10.254200
2
1	12 0 0 -0.495237 0.162687 -0.599876 0.000000
1	2212 0 0 -0.435309 0.090332 0.428096 0.938270
5
1	2112 0 0 0.057085 0.024385 0.064190 0.939570
1	22 0 0 0.000694 -0.000093 0.000161 0.000000
1	1000050100 0 0 -0.080142 0.122334 -0.111452 9.324400
1	12 0 0 -0.164642 0.303371 -0.061109 0.000000
1	2212 0 0 0.216888 -0.026691 0.483618 0.938270
3
1	14 0 0 -0.319141 0.027336 0.214275 0.000000
1	2212 0 0 0.120666 0.294260 -0.435559 0.938270
1	1000050110 0 0 0.009477 0.065716 -0.090144 10.252200
2
1	14 0 0 -0.505044 -0.054472 0.304683 0.000000
1	2212 0 0 -0.116167 -0.358427 -0.446085 0.938270
3
1	12 0 0 0.148490 -0.172983 0.255957 0.000000
1	2112 0 0 -0.293780 0.500537 -0.009988 0.939570
1	1000060110 0 0 -0.231216 -0.108438 0.038637 10.254200
4
1	14 0 0 -0.883604 -0.589805 -0.429410 0.000000
1	2212 0 0 0.140161 -0.183509 -0.183993 0.938270
1	2112 0 0 0.000000 -0.000000 -0.000000 0.939570
1	1000050100 0 0 -0.124213 0.187460 0.036026 9.324400
3
1	14 0 0 -0.103172 -0.291734 0.474378 0.000000
1	2212 0 0 -0.230754 -0.171423 -0.126112 0.938270
1	1000050110 0 0 0.068106 0.047776 0.035615 10.252200
2
1	-14 0 0 0.337295 -1.330185 -0.262180 0.000000
1	2212 0 0 0.196291 0.014292 0.129132 0.938270
4
1	-14 0 0 -0.250636 0.536206 0.048021 0.000000
1	2112 0 0 0.406610 -0.155747 -0.233259 0.939570
1	2212 0 0 -0.046782 0.104740 0.003717 0.938270
1	1000050100 0 0 0.284200 0.062600 -0.040235 9.324400
6
1	1000020040 0 0 0.032958 0.068805 0.139157 3.727400
1	12 0 0 0.223669 0.235397 0.420960 0.000000
1	2212 0 0 0.012266 0.048465 -0.032982 0.938270
1	2212 0 0 -0.131793 -0.124232 0.021428 0.938270
1	2112 0 0 -0.013257 -0.086448 -0.051170 0.939570
1	2112 0 0 0.064996 -0.136608 0.206751 0.939570
12
1	-14 0 0 0.136652 0.466231 0.539364 0.000000
1	2212 0 0 0.051193 -0.030327 -0.075134 0.938270
1	2212 0 0 -0.081184 -0.091235 0.051067 0.938270
1	2212 0 0 0.161723 -0.007140 0.096787 0.938270
1	2212 0 0 -0.008349 -0.268899 -0.022050 0.938270
1	2212 0 0 0.107801 -0.130361 0.086105 0.938270
1	2112 0 0 -0.059902 0.057040 0.244121 0.939570
1	2112 0 0 0.003596 0.056638 -0.167823 0.939570
1	2112 0 0 0.094223 -0.120681 0.165671 0.939570
1	21
